4294967278,132
4294967278,129
4294967278,123
4294967278,121
4294967278,120
4294967278,118
4294967278,112
4294967278,111
4294967278,110
4294967278,109
4294967278,107
4294967278,97
4294967278,215
4294967278,96
4294967278,95
4294967278,293
4294967278,93
4294967278,306
4294967278,87
4294967278,80
4294967278,77
4294967278,71
4294967278,68
4294967278,260
4294967278,326
4294967279,521
4294967279,350
4294967279,337
4294967279,36
4294967279,32
4294967279,28
4294967279,26
4294967279,16
4294967279,14
4294967279,8
4294967279,7
4294967279,6
4294967279,5
4294967278,385
4294967279,235
4294967278,232
1072,6
1072,5
1072,4
1072,3
1072,2
1072,1
4294967279,520
4294967279,352
4294967279,569
4294967279,215
4294967278,102
4294967278,210
4294967279,208
4294967278,384
4294967278,349
4294967278,200
4294967279,351
4294967278,199
4294967279,199
1069,6
1069,5
1069,4
4294967278,195
1069,3
1069,2
1069,1
4294967279,195
4294967279,192
4294967278,78
4294967278,304
4294967278,76
4294967278,188
4294967279,183
4294967278,290
4294967279,175
1066,6
1066,5
1066,4
1066,3
1066,2
1066,1
4294967279,563
4294967294,996
4294967294,89
4294967279,322
4294967278,166
4294967279,348
4294967279,163
4294967279,162
4294967279,159
4294967278,157
4294967279,41
4294967278,152
4294967278,151
1063,6
1063,5
1063,4
1063,3
1063,2
1063,1
4294967279,31
4294967279,141
4294967294,470
4294967294,1095
4294967279,134
4294967278,133
4294967294,1171
4294967294,465
4294967294,456
4294967294,462
4294967294,437
4294967294,5
4294967294,50
4294967279,263
4294967278,264
1060,5
1060,4
1060,3
1060,2
1060,1
4294967278,285
1058,4
1058,3
1058,2
1058,1
4294967278,361
1057,6
4294967278,137
1057,5
4294967279,250
1057,4
1057,3
1057,2
1057,1
4294967294,1420
4294967294,1419
4294967294,393
1056,5
1056,4
1056,3
1056,2
1056,1
4294967279,555
4294967294,469
4294967278,370
1055,5
1055,4
4294967279,223
1055,3
1055,2
1055,1
1054,5
1054,4
1054,3
1054,2
1054,1
4294967279,211
4294967279,210
4294967279,567
4294967294,511
4294967294,1093
4294967294,163
1052,4
1052,3
1052,2
1052,1
4294967294,1416
4294967294,399
4294967294,460
4294967294,116
4294967294,455
4294967294,392
4294967278,337
4294967278,294
4294967278,390
4294967278,63
4294967278,346
4294967279,534
4294967279,0
4294967279,65
4294967278,297
1051,6
1051,5
1051,4
1051,3
1051,2
1051,1
4294967279,52
4294967279,325
4294967278,147
1048,6
1048,5
1048,4
1048,2
1048,1
4294967278,136
4294967278,135
4294967279,342
4294967279,341
4294967278,377
1045,6
1045,5
1045,4
1045,2
1045,1
4294967279,339
4294967294,1014
4294967294,401
4294967294,1000
4294967294,115
4294967279,366
4294967278,247
4294967278,436
1042,6
1042,5
1042,4
1042,2
1042,1
4294967294,168
4294967294,113
4294967294,160
4294967294,510
4294967278,333
4294967279,174
4294967279,381
4294967279,204
1039,5
1039,4
1039,3
1039,2
1039,1
4294967278,194
1037,4
1037,3
1037,2
1037,1
4294967294,389
4294967294,114
1036,6
4294967294,509
4294967279,76
1036,5
1036,4
1036,3
1036,2
1036,1
4294967279,184
0,5
4294967294,508
4294967294,1012
4294967294,170
4294967294,176
4294967294,185
4294967294,1094
4294967278,245
4294967278,69
1035,5
4294967278,179
1035,4
1035,3
1035,2
1035,1
1034,5
1034,4
1034,3
1034,2
1034,1
4294967279,55
4294967294,1001
4294967294,186
4294967294,1175
4294967279,276
1033,5
4294967278,444
1033,4
1033,3
1033,2
1033,1
4294967294,1
4294967294,17
4294967294,99
4294967294,76
4294967278,243
4294967278,150
1031,4
1031,3
1031,2
1031,1
0,7
4294967294,1101
4294967279,148
4294967278,239
4294967294,0
4294967278,233
4294967278,231
4294967294,29
4294967294,28
4294967294,27
4294967294,405
4294967294,175
4294967294,496
4294967294,189
4294967278,0
4294967294,1418
4294967294,46
4294967294,45
4294967294,390
4294967294,44
4294967294,424
4294967294,120
4294967294,2
4294967279,336
4294967294,40
4294967294,41
4294967294,38
4294967294,37
4294967294,42
4294967294,67
4294967294,107
4294967294,91
4294967294,90
4294967294,87
4294967294,86
4294967294,85
4294967294,84
4294967294,419
4294967294,1174
4294967294,1173
4294967294,1017
4294967294,1016
4294967294,1018
4294967294,26
4294967294,53
4294967294,52
4294967294,427
4294967294,36
4294967294,39
4294967294,1417
4294967294,43
4294967294,417
4294967294,51
4294967294,25
4294967294,96
4294967294,94
4294967294,9
4294967294,8
4294967294,22
4294967294,93
4294967294,95
4294967294,81
4294967294,1098
4294967294,82
4294967294,1415
4294967294,83
4294967294,68
4294967294,11
4294967294,92
4294967294,88
4294967294,7
4294967294,6
4294967293,131
4294967293,130
4294967293,129
4294967293,128
4294967293,127
4294967293,126
4294967293,125
4294967293,124
4294967293,123
4294967293,122
4294967293,121
4294967293,120
4294967293,119
4294967293,118
4294967293,117
4294967293,116
4294967293,115
4294967293,114
4294967293,113
4294967293,112
4294967293,111
4294967293,110
4294967293,109
4294967293,108
4294967293,107
4294967293,106
4294967293,105
4294967293,104
4294967293,103
4294967293,102
4294967293,101
4294967293,100
4294967293,99
4294967293,98
4294967293,97
4294967293,96
4294967293,95
4294967293,94
4294967293,93
4294967293,92
4294967293,91
4294967293,90
4294967293,89
4294967293,87
4294967293,86
4294967293,85
4294967293,84
4294967293,83
4294967293,82
4294967293,81
4294967293,80
4294967293,79
4294967293,78
4294967293,77
4294967293,76
4294967293,75
4294967293,74
4294967293,73
4294967293,72
4294967293,71
4294967293,70
4294967293,69
4294967293,68
4294967293,67
4294967293,66
4294967293,65
4294967293,64
4294967293,63
4294967293,62
4294967293,61
4294967293,60
4294967293,59
4294967293,58
4294967293,57
4294967293,56
4294967293,55
4294967293,54
4294967293,53
4294967293,52
4294967293,51
4294967293,50
4294967293,49
4294967293,48
4294967293,47
4294967293,46
4294967293,45
4294967293,44
4294967293,43
4294967293,42
4294967293,41
4294967293,40
4294967293,39
4294967293,38
4294967293,37
4294967293,36
4294967293,35
4294967293,34
4294967293,33
4294967293,32
4294967293,31
4294967293,30
4294967293,29
4294967293,28
4294967293,27
4294967293,26
4294967293,25
4294967293,24
4294967293,23
4294967293,22
4294967293,21
4294967293,20
4294967293,19
4294967293,18
4294967293,17
4294967293,16
4294967293,15
4294967293,14
4294967293,13
4294967293,12
4294967293,11
4294967293,10
4294967293,9
4294967293,8
4294967293,7
4294967293,6
4294967293,5
4294967293,4
4294967293,3
4294967278,283
4294967278,55
4294967278,54
4294967278,51
4294967278,50
4294967278,49
4294967278,48
4294967278,271
4294967278,275
4294967278,40
4294967278,39
4294967278,38
4294967278,37
4294967278,36
4294967278,35
4294967278,34
4294967278,32
4294967278,31
4294967278,30
4294967278,29
4294967278,27
4294967278,26
4294967278,174
4294967278,22
4294967278,21
4294967278,20
4294967278,18
4294967278,17
4294967278,16
4294967278,15
4294967278,13
4294967278,11
4294967278,9
4294967278,8
4294967278,7
4294967278,6
4294967279,131
4294967279,130
4294967279,128
4294967279,126
4294967279,124
4294967279,123
4294967279,121
4294967279,120
4294967279,119
4294967279,118
4294967279,117
4294967279,116
4294967279,115
4294967279,114
4294967279,113
4294967279,365
4294967279,112
4294967279,110
4294967279,108
4294967279,107
4294967279,106
4294967279,105
4294967279,104
4294967279,103
4294967279,102
4294967279,101
4294967279,281
4294967279,100
4294967279,99
4294967279,98
4294967279,97
4294967279,96
4294967279,95
4294967279,94
4294967279,93
4294967279,92
4294967279,91
4294967279,90
4294967279,89
4294967279,87
4294967279,81
4294967279,80
4294967279,79
4294967279,288
4294967279,75
4294967279,73
4294967279,67
4294967279,63
4294967279,59
4294967279,53
4294967279,51
4294967279,50
4294967279,48
4294967279,137
4294967279,370
